43 41 4B 45 57 41 4C 4B # "CAKEWALK"



1A 00 02 0A 02 # a '1A header'

00 00 00 78 00 03 59 00 00 00 00 00 00 00 00 00 00 00 BF 03 00 00 00 00 00 00 00 00 01 01 00 00 00 00 00 00 00 00 00 00 00 00 01 01 01 FF FF 01 7F 00 00 00 00 00 00 00 00 00 00 00 00 00 00 00 00 00 00 00 01 20 40 80 00 00 00 00 00 00 00 00 00 00 00 D0 02 00 00 FE 00 00 00 00 00 00 00 00 00 00 00 16 16 00 00 00 03 00 06

4D 43 49 43 6D 64 # "MCICmd"

01 04

57 61 76 65 # "Wave"

02 04

54 65 78 74 # "Text"

03 0F 14 00 00 00 01 00 00 00 00 00 00 00 00 00 50 46 00 00 00 00 00 00 00 00 05 0E 00 00 00 01 00 00 00 00 00 01 00 04 02 00 00 00 00 17 07 00 00 00 01 00 01 00 04 02 00 0B 06 00 00 00 1E 00 00 00 00 00 11 0E 00 00 00 00 00 09 00 2A 00 6E 00 01 00 00 00 00 00 10 0C 00 00 00 02 00 00 02 18 00 FF FF 00 00 00 00 01 09 00 00 00 01 00 00 00 01

0C 00 00 04 02 3C 00 00 # <-- notice .. 00 00 04 02 3C 00 00
00 01 00 07 00 06 00 00 # <-- notice 00 .. 00 07 00 06 00 00

# NOTES? (7)

90 30 40 3A 00 7C 00 00
90 28 40 46 00 EE 00 00
90 2D 40 98 00 A4 01 00
90 2D 40 24 00 D6 01 00
90 29 40 34 00 58 02 00
90 26 40 34 00 D0 02 00
90 2B 40 94 00 0E 04 00

00 00 01 00 30 00 0C 04
00 00 00 01 00 08 00 09
04 00 00 00 01 00 78 00
13 06 00 00 00 01 00 7F
00 50 00 01 09 00 00 00
00 00 00 00 00

00 00 00 04 02 3C 00 00 # <-- notice XX 00 00 04 02 3C 00 00
00 00 00 07 00 06 00 00 # <-- notice 00 .. 00 07 00 06 00 00

# NOTES? (7)

90 30 40 3A 00 7C 00 00
90 28 40 46 00 EE 00 00
90 2D 40 98 00 A4 01 00
90 2D 40 24 00 D6 01 00
90 29 40 34 00 58 02 00
90 26 40 34 00 D0 02 00
90 2B 40 94 00 0E 04 00

00 00 00 00 30 00 0C 04
00 00 00 00 00 08 00 13
06 00 00 00 00 00 7F 00
28 00 01 09 00 00 00 02
00 00 00 02

18 00 00 04 02 3C 00 00 # <-- notice XX 00 00 04 02 3C 00 00
00 02 00 07 00 06 00 00 # <-- notice 00 .. 00 07 00 06 00 00

# NOTES? (7)

90 30 40 3A 00 7C 00 00
90 28 40 46 00 EE 00 00
90 2D 40 98 00 A4 01 00
90 2D 40 24 00 D6 01 00
90 29 40 34 00 58 02 00
90 26 40 34 00 C8 02 00
90 2B 40 94 00 0E 04 00

00 00 02 00 30 00 0C 04
00 00 00 02 00 08 00 09
04 00 00 00 02 00 F0 00
13 06 00 00 00 02 00 7F
00 40 00 FF 
