43 41 4B 45 57 41 4C 4B # "CAKEWALK"



1A 00 03 4A 09 # a '1A header'

00 00 00 08 39 2E 30 31 2E 35 33 32 0A 02 00 00 00 78 00 03 59 00 00 00 FE 16 00 00 00 00 00 00 00 00 00 00 00 00 00 00 00 00 01 01 00 00 00 00 00 00 00 00 00 00 00 00 01 01 01 FF FF 01 7F 00 00 00 00 00 00 00 00 00 00 00 00 00 00 00 00 00 00 00 01 20 40 80 00 00 00 00 00 00 00 00 00 00 00 60 18 00 00 FE 00 00 00 00 00 00 00 00 00 00 00

1A 28 00 00 00 # a '1A header'

54 69 74 6C 65 # "Title"

# zeros
00 00 00 00 00 00 00 00 00 00 00 00 00 00 00 00 00 00 00 00 00 00 00 00 00 00 00

75 6E 74 69 74 6C 65 64 # "untitled"

1A 20 01 00 00 # a '1A header'

57 69 6E 64 6F 77 49 6E 73 74 61 6E 63 65 44 61 74 61 # "WindowInstanceData"

00 00 E0 0E 00 00 FD 0E 00 00 B0 D6 BE 03 20 98 77 94 BB F9 CF 11 B2 A5 00 AA 00 61 EA 5D 21 78 63 84 F7

1A D0 11 9D 8D # a '1A header'?

00 AA 00 A3 51 BE 04 00 00 00 00 00 00 00 E0 EE 65 13 4C 93 D1 11 BB F3 00 AA 00 B6 2E 51 58 00 00 00 2C 00 00 00 00 00 00 00 01 00 00 00 00 00 00 00 22 03 00 00 FC FF FF FF E9 FF FF FF 0F 01 00 00 B9 00 00 00 5D 04 00 00 36 03 00 00 01 00 00 00 01 00 00 00 01 00 00 00 02 00 00 00 00 00 00 00 16 00 00 00 03 00 00 00 01 00 00 00 00 00 00 00 01 00 00 00 02 00 00 00 E0 27 A6 8E 4B 30 D2 11 AF 6A 00 10 4B C9 20 0C 44 00 00 00 2C 00 00 00 00 00 00 00 01 00 00 00 00 00 00 00 9E 01 00 00 FC FF FF FF E9 FF FF FF 00 00 00 00 00 00 00 00 D1 04 00 00 17 03 00 00 9A 00 00 00 0A 00 00 00 01 00 00 00 01 00 00 00 00 00 00 00 E0 01 00 00 8F 67 64 14 81 F7 CF 11 B2 A5 00 AA 00 61 EA 5D 00 00 00 00

1A 30 00 00 00 # a '1A header'

46 49 4C 45 53 54 41 54 53 # "FILESTATS"

00 00 00 01 00 00 00 20 00 00 00 40 00 00 00 80 00 00 00 00 00 00 00 10 00 00 00 E9 31 2A 3A D7 01 00 00 02 00 00 00 1C 06 00 00 00 06 00 01 00 00 00 0F 14 00 00 00 01 00 00 00 00 00 00 00 00 00 58 1B 00 00 00 00 00 00 00 00 17 07 00 00 00 01 00 01 00 04 02 03 0B 06 00 00 00 1E 00 00 00 00 00 2F

1A 00 00 00 00 # a '1A header'?

00 01 00 01 00 01 00 00 00 01 00 2A 00 6E 00 2A 00 6E 00 01 00 00 00 09 00 10 0C 00 00 00 02 00 00 00 00 0A FF FF 00 00 00 00 1F 04 00 00 00 00 00 00 00 2E 02 00 00 00 00 00 24 18 00 00 00 00 00 00 00 00 28 00 7F 00 40 00 00 0A 00 00 00 00 00 0A 00 00 00 00 00 36 08 00 00 00 00 00 00 00 00 00 00 00 46 40 00 00 00 00 00 00 00 00 00 00 00

01 00 00 00
02 00 00 00
04 00 00 00
00 00 00 00
15 00 00 00
0A 00 00 00
00 00 00 00
06 00 00 00
40 00 00 00
3B 00 00 00
37 00 00 00
32 00 00 00
2D 00 00 00
28 00 00 00

31 6F 01 00 00 00 00

03 00 00 00

78 A6 C6 03

01 00 00 00

00 FF FF FF FF 00 00 00 00 00 00 00

00 00 00 00 00 00 00 00
00 29 00 00 00 03 00 00 

#  ^ number of notes following?

# NOTES (29)

90 50 40 7D 00 76 00 00
90 4C 40 84 00 ED 00 00 
90 51 40 70 00 5D 01 00
90 4B 40 86 00 D8 01 00
90 4C 40 8E 00 58 02 00
90 53 40 F9 00 49 03 00
90 51 40 36 00 82 03 00
90 50 40 40 00 BD 03 00
90 4E 40 6B 01 22 05 00
90 50 40 43 00 5F 05 00
90 51 40 26 00 9A 05 00
90 51 40 B4 00 4E 06 00
90 53 40 25 00 6A 06 00
90 51 40 26 00 8B 06 00
90 50 40 E5 00 EF 07 00
90 4C 40 7C 00 61 08 00
90 4B 40 89 00 E5 08 00
90 49 40 77 00 5B 09 00
90 46 40 85 00 DF 09 00
90 47 40 B6 00 B8 0B 00
90 58 40 78 00 2A 0C 00
90 57 40 80 00 A5 0C 00
90 55 40 79 00 20 0D 00
90 52 40 7A 00 9B 0D 00
90 53 40 7D 00 8A 0E 00
90 55 40 55 00 E0 0E 00
90 50 40 1D 00 FD 0E 00
90 51 40 79 00 76 0F 00
90 4E 40 7C 00 66 10 00
90 53 40 52 00 BD 10 00
90 4E 40 20 00 DC 10 00
90 50 40 76 00 50 11 00
90 4C 40 A2 00 48 12 00
90 58 40 58 00 BE 12 00
90 58 40 F8 00 B1 13 00
90 57 40 F0 00 A2 14 00
90 58 40 F4 00 08 16 00
90 58 40 58 00 80 16 00
90 58 40 F8 00 70 17 00
90 57 40 F8 00 60 18 00
90 58 40 F8 00 47 FE 00

00 00 78 A6 C6 03 29 00 00 00

00 00 00 00 01 00
01 00 00 00 01 00
02 00 00 00 01 00
03 00 00 00 01 00
04 00 00 00 01 00 
05 00 00 00 01 00
06 00 00 00 01 00
07 00 00 00 01 00
08 00 00 00 01 00
09 00 00 00 01 00
0A 00 00 00 01 00
0B 00 00 00 01 00
0C 00 00 00 01 00
0D 00 00 00 01 00
0E 00 00 00 01 00
0F 00 00 00 01 00
10 00 00 00 01 00
11 00 00 00 01 00
12 00 00 00 02 00
13 00 00 00 01 00
14 00 00 00 10 00
15 00 00 00 10 00
16 00 00 00 01 00
17 00 00 00 01 00
18 00 00 00 01 00 
19 00 00 00 01 00
1A 00 00 00 02 00
1B 00 00 00 01 00
1C 00 00 00 01 00
1D 00 00 00 01 00
1E 00 00 00 01 00
1F 00 00 00 01 00
20 00 00 00 01 00
21 00 00 00 10 00
22 00 00 00 10 00
23 00 00 00 10 00
24 00 00 00 10 00
25 00 00 00 10 00
26 00 00 00 10 00
27 00 00 00 10 00
28 00 00 00 10 00

24 18 00 00 00 01 00 00 00 00 00 00 6E 00 40 00 00 00 00 00 00 00 00 0A 00 00 01 00 00 36 08 00 00 00 01 00 00 00 00 00 00 00 46 40 00 00 00 01 00 00 00 00 00 00 00 00 00 00 00 02 00 00 00 04 00 00 00 00 00 00 00 15 00 00 00 0A 00 00 00 00 00 00 00 06 00 00 00 40 00 00 00 3B 00 00 00 37 00 00 00 32 00 00 00 2D 00 00 00 28 00 00

00 2D 3F 02 00 00 01 00
00 47 00 00 00 3C 00 00

#  ^ number of notes following

# NOTES?

90 38 40 3C 00 3C 00 00
90 3B 40 3C 00 78 00 00
90 38 40 3C 00 78 00 00
90 3B 40 3C 00 B4 00 00
90 38 40 3C 00 B4 00 00
90 3B 40 3C 00 F0 00 00
90 36 40 3C 00 F0 00 00
90 3B 40 3C 00 2C 01 00
90 36 40 3C 00 2C 01 00
90 3B 40 3C 00 68 01 00
90 36 40 3C 00 68 01 00
90 3B 40 3C 00 A4 01 00
90 36 40 3C 00 A4 01 00
90 3B 40 3C 00 1C 02 00
90 38 40 3C 00 1C 02 00
90 3B 40 3C 00 58 02 00
90 38 40 3C 00 58 02 00
90 3B 40 3C 00 94 02 00
90 38 40 3C 00 94 02 00
90 3B 40 3C 00 D0 02 00
90 39 40 3C 00 D0 02 00
90 3D 40 3C 00 0C 03 00
90 39 40 3C 00 0C 03 00
90 3D 40 3C 00 48 03 00
90 39 40 3C 00 48 03 00
90 3D 40 3C 00 84 03 00
90 39 40 3C 00 84 03 00
90 3D 40 3C 00 FC 03 00
90 3B 40 3C 00 FC 03 00
90 40 40 3C 00 38 04 00
90 3B 40 3C 00 38 04 00
90 40 40 3C 00 74 04 00
90 3B 40 3C 00 74 04 00
90 40 40 3C 00 B0 04 00
90 3F 40 3C 00 B0 04 00
90 3B 40 3C 00 EC 04 00
90 3B 40 3C 00 EC 04 00
90 3F 40 3C 00 28 05 00
90 3B 40 3C 00 28 05 00
90 3F 40 3C 00 64 05 00
90 3B 40 3C 00 64 05 00
90 3F 40 3C 00 A0 05 00
90 3D 40 EC 00 A1 05 00
90 40 40 F3 00 C8 06 00
90 40 40 3B 00 CC 06 00
90 3D 40 40 00 03 07 00
90 3F 40 45 00 08 07 00
90 3B 40 36 00 42 07 00
90 3D 40 39 00 44 07 00
90 39 40 3E 00 7C 07 00
90 3B 40 D8 01 57 09 00
90 38 40 FF 00 51 0A 00
90 39 40 EA 00 40 0B 00
90 3B 40 D8 01 20 0D 00
90 38 40 CD 00 10 0E 00
90 44 40 CD 00 00 0F 00
90 3D 40 7C 00 78 0F 00
90 39 40 7C 00 F0 0F 00
90 3B 40 7C 00 68 10 00
90 3F 40 7C 00 E0 10 00
90 40 40 7C 00 58 11 00
90 38 40 76 00 D0 11 00
90 3D 40 76 00 48 12 00
90 44 40 76 00 C0 12 00
90 42 40 DB 00 B0 13 00
90 42 40 DB 00 A0 14 00
90 44 40 DB 00 08 16 00
90 44 40 76 00 80 16 00
90 42 40 DB 00 70 17 00
90 42 40 DB 00 60 18 00
90 44 40 DB 00 24 18 00

00 00 02 00 00 00 00 00 00 64 00 40 00 00 00 00 00 00 00 00 FE 00 00 02 00 00 36

08 00 00 00
02 00 00 00
00 00 00 00
46 40 00 00
00 02 00 00
00 00 00 00
00 00 00 00
00 02 00 00
00 04 00 00
00 00 00 00
00 15 00 00
00 0A 00 00
00 00 00 00
00 06 00 00
00 40 00 00
00 3B 00 00
00 37 00 00
00 32 00 00
00 2D 00 00
00 28 00 00
00 2D DF 00 00 00 02 00

00 1B 00 00 00 00 00 00

#  ^ number of notes following

# NOTES?

90 28 40 F0 00 F0 00 00
90 2A 40 F0 00 E0 01 00
90 2C 40 F0 00 D0 02 00
90 2D 40 F0 00 C0 03 00
90 2F 40 F0 00 B0 04 00 
90 23 40 F0 00 A0 05 00 
90 25 40 F0 00 90 06 00 
90 31 40 F0 00 80 07 00 
90 38 40 F2 00 6A 08 00 
90 39 40 FE 00 56 09 00 
90 34 40 FA 00 50 0A 00 
90 36 40 EA 00 3E 0B 00 
90 38 40 F0 00 30 0C 00 
90 39 40 EE 00 1E 0D 00 
90 34 40 D0 00 8C 0E 00 
90 35 40 65 00 01 0F 00 
90 36 40 C6 00 EB 0F 00 
90 33 40 CE 00 DD 10 00 
90 34 40 CA 00 D0 11 00 
90 31 40 DB 00 C0 12 00 
90 39 40 99 00 B7 13 00 
90 3B 40 B9 00 A3 14 00 
90 3D 40 B4 00 90 15 00 
90 38 40 DB 00 80 16 00 
90 39 40 F8 00 70 17 00 
90 3B 40 F8 00 60 18 00 
90 34 40 F8 00 33 28 00

00 00 00 00 00 00 00 00 00 00 00 00 00 00 00 00 00 00 01 00 00 00 00 00 00 00 00 00 00 00 00 00 00 00 FF FF FF 7F FF FF FF 7F 34 04 00 00 00 01 00 00 00 38 04 00 00 00 FF FF FF 7F 39 0C 00 00 00 FF FF FF FF FF FF FF FF FF FF FF FF 3A 0C 00 00 00 00 00 00 00 00 00 00 00 00 00 00 00 3C 0C 00 00 00 00 00 00 00 00 00 00 00 00 00 00 00 3B 10 00 00 00 00 00 00 00 00 00 00 00 00 00 00 00 00 00 00 00 3E C0 00 00 00 00 00 00 00 00 00 00 00 00 00 00 00 00 00 00 00 00 00 00 00 00 00 00 00 00 00 00 00 00 00 00 00 00 00 00 00 00 00 00 00 00 00 00 00 00 00 00 00 00 00 00 00 00 00 00 00 00 00 00 00 00 00 00 00 00 00 00 00 00 00 00 00 00 00 00 00 00 00 00 00 00 00 00 00 00 00 00 00 00 00 00 00 00 00 00 00 00 00 00 00 00 00 00 00 00 00 00 00 00 00 00 00 00 00 00 00 00 00 00 00 00 00 00 00 00 00 00 00 00 00 00 00 00 00 00 00 00 00 00 00 00 00 00 00 00 00 00 00 00 00 00 00 00 00 00 00 00 00 00 00 00 00 00 00 00 00 00 00 00 00 00 00 00 00 00 00 00 00 00 00 00 00 00 00 00 00 00 00 00 00 00 00 40 04 00 00 00 01 00 00 00 41 00 00 00 00 42 04 00 00 00 00 00 00 00 43 00 00 00 00 4E 0C 00 00 00 00 00 00 00 00 00 00 00 00 00 00 00 48 04 00 00 00 00 00 00 00 50 0C 00 00 00 00 00 00 00 00 00 00 00 00 00 00 00 FF 
