43 41 4B 45 57 41 4C 4B # "CAKEWALK"



1A 00 02 0A 02 00 00 00 # a '1A header'
78 00 03 59 00 00 00 00
00 00 00 00 00 00 00 53 # only change from ex01 is 53
07 00 00 08 00 00 00 00 # only change from ex01 is 07
00 01 01 00 00 00 00 00
00 00 00 00 00 00 00 01
01 01 FF FF 01 7F 00 00
00 00 00 00 00 00 00 00
00 00 00 00 00 00 00 00
00 01 20 40 80 00 00 00
00 00 00 00 00 00 00 00
58 07 00 00 FE 00 00 00 # only change from ex01 is 58 07
00 00 00 00 00 00 00 00
16 16 00 00 00 03

00 06
#  ^ length of string that follows

4D 43 49 43 6D 64 # "MCICmd"

01 04
#  ^ length of string that follows

57 61 76 65 # "Wave"

02 04
#  ^ length of string that follows

54 65 78 74 # "Text"

03 0F 14 00 00 00 01 00
00 00 00 00 00 00 00 00
80 3E 00 00 00 00 00 00 # only change from ex01 is 80 3E
00 00 05 0E 00 00 00 01
00 00 00 00 00 01 00 04
02 00 00 00 00 17 07 00
00 00 01 00 01 00 04 02
FC 0B 06 00 00 00 1E 00 # only change from ex01 is FC
00 00 00 00 11 0E 00 00
00 00 00 09 00 2A 00 6E
00 01 00 00 00 00 00 10
0C 00 00 00 02 00 00 00 # only change form ex01 is 00...
03 00 FF FF 00 00 00 00 # 03
01 09 00 00 00 01 00 00
00 01

03 00 00 04 02 44 01 00
00 01 00 28

#        ^ number of notes following

# NOTES

00 00 00 00 90 20 40 27
00 00 00 00 90 2C 40 27
00 78 00 00 90 24 40 27
00 78 00 00 90 30 40 27
00 F0 00 00 90 20 40 27
00 F0 00 00 90 2C 40 27
00 40 01 00 90 1B 40 27
00 40 01 00 90 27 40 27
00 90 01 00 90 1F 40 27
00 90 01 00 90 2B 40 27
00 E0 01 00 90 20 40 27
00 E0 01 00 90 2C 40 27
00 58 02 00 90 24 40 27
00 58 02 00 90 30 40 27
00 D0 02 00 90 20 40 27
00 D0 02 00 90 2C 40 27
00 20 03 00 90 1B 40 27
00 20 03 00 90 27 40 27
00 70 03 00 90 1F 40 27
00 70 03 00 90 2B 40 27
00 C0 03 00 90 20 40 27
00 C0 03 00 90 2C 40 27
00 38 04 00 90 24 40 27
00 38 04 00 90 30 40 27
00 B0 04 00 90 20 40 27
00 B0 04 00 90 2C 40 27
00 00 05 00 90 22 40 27
00 00 05 00 90 2E 40 27
00 50 05 00 90 26 40 27
00 50 05 00 90 32 40 27
00 A0 05 00 90 33 40 27
00 A0 05 00 90 27 40 27
00 18 06 00 90 2B 40 27
00 18 06 00 90 37 40 27
00 90 06 00 90 27 40 27
00 90 06 00 90 33 40 27
00 E0 06 00 90 1F 40 27
00 E0 06 00 90 2B 40 27
00 30 07 00 90 2B 40 27
00 30 07 00 90 1F 40 27

00 0E 04 00

00 00 01 00 00 00 0C 04 00
00 00 01 00 04 00 01 09 00
00 00 00 00 00 00 00 03 00
00 04 02 84 01 00

00 00 00 30

#        ^ number of notes following

# NOTES

00 00 00 00 90 3C 40 27
00 28 00 00 90 38 40 27
00 50 00 00 90 3F 40 27
00 78 00 00 90 44 40 27
00 A0 00 00 90 38 40 27
00 C8 00 00 90 3F 40 27
00 F0 00 00 90 3C 40 27
00 18 01 00 90 38 40 27
00 40 01 00 90 3A 40 27
00 68 01 00 90 33 40 27
00 90 01 00 90 3D 40 27
00 B8 01 00 90 33 40 27
00 E0 01 00 90 3C 40 27
00 08 02 00 90 38 40 27
00 30 02 00 90 3F 40 27
00 58 02 00 90 44 40 27
00 80 02 00 90 38 40 27
00 A8 02 00 90 3F 40 27
00 D0 02 00 90 3C 40 27
00 F8 02 00 90 38 40 27
00 20 03 00 90 3A 40 27
00 48 03 00 90 33 40 27
00 70 03 00 90 3D 40 27
00 98 03 00 90 33 40 27
00 C0 03 00 90 3C 40 27
00 E8 03 00 90 38 40 27
00 10 04 00 90 3F 40 27
00 38 04 00 90 44 40 27
00 60 04 00 90 38 40 27
00 88 04 00 90 3F 40 27
00 B0 04 00 90 3C 40 27
00 D8 04 00 90 38 40 27
00 00 05 00 90 3A 40 27
00 28 05 00 90 35 40 27
00 50 05 00 90 41 40 27
00 78 05 00 90 3A 40 27
00 A0 05 00 90 3A 40 27
00 C8 05 00 90 37 40 27
00 F0 05 00 90 3F 40 27
00 18 06 00 90 3A 40 27
00 40 06 00 90 33 40 27
00 68 06 00 90 3F 40 27
00 90 06 00 90 3A 40 27
00 B8 06 00 90 37 40 27
00 E0 06 00 90 3A 40 27
00 08 07 00 90 33 40 27
00 30 07 00 90 3D 40 27
00 58 07 00 90 3A 40 27

00 0E 04 00

00 00 00 00 00 00 0C 04 00
00 00 00 00 04 00 FF 
