43 41 4B 45 57 41 4C 4B # "CAKEWALK"



1A 00 02 0A 02 00 00 00
78 00 03 59 00 00 00 00
00 00 00 00 00 00 00 17
06 00 00 00 00 00 00 00
00 01 01 00 00 00 00 00
00 00 00 00 00 00 00 01
01 01 FF FF 01 7F 00 00
00 00 00 00 00 00 00 00
00 00 00 00 00 00 00 00
00 02 20 40 80 00 00 00
00 00 00 00 00 00 00 00
14 06 00 00 FE 00 00 00
00 00 00 00 00 00 00 00
16 16 00 00 00 03

00 06
#  ^ length of string that follows

4D 43 49 43 6D 64 # "MCICmd"

01 04
#  ^ length of string that follows

57 61 76 65 # "Wave"

02 04
#  ^ length of string that follows

54 65 78 74 # "Text"

03 0F

14 00 00 00 01 00 00 00 00 00 00 00 00 00 10 # only change from ex03 is 10

# this next section (until the first notes) is much longer in this file

27 00 00 00 00 00 00 00
00 05 4A 00 00 00 06 00

00 00 00 00 01 00 04 02 00 00 00 00
00 00 00 00 02 00 03 03 00 00 00 00
00 00 00 00 03 00 02 02 00 00 00 00
00 00 00 00 04 00 03 03 00 00 00 00
00 00 00 00 05 00 04 02 00 00 00 00
00 00 00 00 06 00 03 03 00 00 00 00

17 20 00 00 00 06 00 01
00 04 02 00 02 00 03 03
00 03 00 02 02 00 04 00
03 03 00 05 00 04 02 00
06 00 03 03 00 0B 06 00
00 00 1E 00 00 00 00 00
11 0E 00 00 00 00 00 09
00 2A 00 6E 00 01 00 00
00 00 00 10 0C 00 00 00
02 00 00 00 E8 14 FF FF
00 00 00 00 01 09 00 00
00 02 00 00 00 02 00 14
00 02 02 9C 00 00 00 02

00 13
#   ^ number of notes following

# NOTES

00 00 00 00 90 45 40 26
00 78 00 00 90 40 40 30
00 F0 00 00 90 41 40 34
00 68 01 00 90 3C 40 32
00 E0 01 00 90 3E 40 3A
00 1C 02 00 90 40 40 40
00 58 02 00 90 41 40 14
00 94 02 00 90 40 40 3A
00 0C 03 00 90 3B 40 3A
00 84 03 00 90 3C 40 3A
00 C0 03 00 90 3E 40 3E
00 FC 03 00 90 40 40 40
00 36 04 00 90 3E 40 38
00 B0 04 00 90 3B 40 38
00 EC 04 00 90 3C 40 3A
00 28 05 00 90 3E 40 3A
00 64 05 00 90 41 40 3A
00 A0 05 00 90 3E 40 3A
00 14 06 00 90 37 40 20

00 0E 04 00 00 00 02 00
29 00 09 04 00 00 00 02
00 E0 01 13 06 00 00 00
02 00 6E 00 46 00 01 09
00 00 00 00 00 00 00 00
E8 14 00 00 02 9C 00 00
00 00

00 13
#   ^ number of notes following

# NOTES

00 00 00 00 90 45 40 26
00 78 00 00 90 40 40 30
00 F0 00 00 90 41 40 34
00 68 01 00 90 3C 40 32
00 E0 01 00 90 3E 40 3A
00 1C 02 00 90 40 40 40
00 58 02 00 90 41 40 14
00 94 02 00 90 40 40 3A
00 0C 03 00 90 3B 40 3A
00 84 03 00 90 3C 40 3A
00 C0 03 00 90 3E 40 3E
00 FC 03 00 90 40 40 40
00 36 04 00 90 3E 40 38
00 B0 04 00 90 3B 40 38
00 EC 04 00 90 3C 40 3A
00 28 05 00 90 3E 40 3A
00 64 05 00 90 41 40 3A
00 A0 05 00 90 3E 40 3A
00 14 06 00 90 37 40 20

00 0E 04 00 00 00 00 00
2B 00 13 06 00 00 00 00
00 7F 00 46 00 01 09 00
00 00 01 00 00 00 01 F4
14 00 00 02 9C 00 00 00
01

00 13
#   ^ number of notes following

# NOTES

00 00 00 00 90 45 40 26
00 78 00 00 90 40 40 30
00 F0 00 00 90 41 40 34
00 68 01 00 90 3C 40 32
00 E0 01 00 90 3E 40 3A
00 1C 02 00 90 40 40 40
00 58 02 00 90 41 40 14
00 94 02 00 90 40 40 3A
00 0C 03 00 90 3B 40 3A
00 84 03 00 90 3C 40 3A
00 C0 03 00 90 3E 40 3E
00 FC 03 00 90 40 40 40
00 36 04 00 90 3E 40 38
00 B0 04 00 90 3B 40 38
00 EC 04 00 90 3C 40 3A
00 28 05 00 90 3E 40 3A
00 64 05 00 90 41 40 3A
00 A0 05 00 90 3E 40 3A
00 14 06 00 90 37 40 20

00 0E 04 00 00 00 01 00
2A 00 09 04 00 00 00 01
00 F0 00 13 06 00 00 00
01 00 7F 00 3C 00 01 09
00 00 00 03 00 00 00 03
0C 14 00 02 02 9C 00 00
00 03

00 13
#   ^ number of notes following

# NOTES

00 00 00 00 90 45 40 26
00 78 00 00 90 40 40 30
00 F0 00 00 90 41 40 34
00 68 01 00 90 3C 40 32
00 E0 01 00 90 3E 40 3A
00 1C 02 00 90 40 40 40
00 58 02 00 90 41 40 14
00 94 02 00 90 40 40 3A
00 0C 03 00 90 3B 40 3A
00 84 03 00 90 3C 40 3A
00 C0 03 00 90 3E 40 3E
00 FC 03 00 90 40 40 40
00 36 04 00 90 3E 40 38
00 B0 04 00 90 3B 40 38
00 EC 04 00 90 3C 40 3A
00 28 05 00 90 3E 40 3A
00 64 05 00 90 41 40 3A
00 A0 05 00 90 3E 40 3A
00 14 06 00 90 37 40 20

00 0E 04 00 00 00 03 00
28 00 09 04 00 00 00 03
00 58 02 13 06 00 00 00
03 00 7F 00 50 00 FF 
