43 41 4B 45 57 41 4C 4B # "CAKEWALK"



1A 00 03 4A 09 # a '1A header'

00 00 00 08
#        ^ number of bytes in string following

39 2E 30 31 2E 35 33 32 # "9.01.532"

0A 02 00 00 00 78 00 03 59 00 00 00 00 00 00 00 00 00 00 00 00 00 00 00 00 00 00 00 00 00 01 01 00 00 00 00 00 00 00 00 00 00 00 00 01 01 01 FF FF 01 7F 00 00 00 00 00 00 00 00 00 00 00 00 00 00 00 00 00 00 00 01 20 40 80 00 00 00 00 00 00 00 00 00 00 00 E4 1B 00 00 FE 00 00 00 00 00 00 00 00 00 00 00

1A 28 00 00 00 # a '1A header'

54 69 74 6C 65 # "Title"

# zeros
00 00 00 00 00 00 00 00 00 00 00 00 00 00 00 00 00 00 00 00 00 00 00 00 00 00 00

75 6E 74 69 74 6C 65 64 # "untitled"

1A B4 00 00 00 # a '1A header'

57 69 6E 64 6F 77 49 6E 73 74 61 6E 63 65 44 61 74 61 # "WindowInstanceData"

00 0A 00 00 00 00 00 00 00 00 00 00 00 00 20 98 77 94 BB F9 CF 11 B2 A5 00 AA 00 61 EA 5D 21 78 63 84 F7

1A D0 11 9D 8D # a '1A header' ?

00 AA 00 A3 51 BE 04 00 00 00 02 00 00 00 E0 27 A6 8E 4B 30 D2 11 AF 6A 00 10 4B C9 20 0C 44 00 00 00 2C 00 00 00 02 00 00 00 03 00 00 00 A0 00 00 00 EB 03 00 00 FC FF FF FF E9 FF FF FF 5B 01 00 00 1D 01 00 00 77 04 00 00 9C 02 00 00 7F 00 00 00 0A 00 00 00 02 00 00 00 01 00 00 00 01 00 00 00 E0 01 00 00 8F 67 64 14 81 F7 CF 11 B2 A5 00 AA 00 61 EA 5D 00 00 00 00

1A 30 00 00 00 # a '1A header'

46 49 4C 45 53 54 41 54 53 # "FILESTATS"

00 00 00 58 B4 50 35 40 F5 7D 07 00 00 00 00 00 00 00 00 00 00 00 00 10 00 00 00 36 9C E3 3B 03 00 00 00 02 00 00 00 1C 06 00 00 00 06 00 01 00 00 00 0F 14 00 00 00 01 00 00 00 00 00 00 00 00 00 44 48 00 00 00 00 00 00 00 00 17 20 00 00 00 06 00 01 00 04 03 00 02 00 05 03 00 03 00 06 03 00 04 00 04 03 00 05 00 05 03 00 06 00 06 03 00 0B 06 00 00 00 1E 00 00 00 00 00 2F

1A 00 00 00 00 # a '1A header'

00 01 00 01 00 01 00 00 00 01 00 2A 00 6E 00 2A 00 6E 00 01 00 00 00 09 00 10 0C 00 00 00 02 00 00 02 00 32 FF FF
00 00 00 00 1F 04 00 00 00 00 00 00 00 2E 02 00 00 00 00 00 24 18 00 00 00 00 00 00 FF FF
00 00 7F 00 40 00 00 00 00 00 00 00 00 81 00 00 00 00 00 36 08 00 00 00 00 00 00 00 00 00 00 00 46 40 00 00 00 00 00 00 00 00 00 00 00

00 00 00 00
02 00 00 00
04 00 00 00
00 00 00 00
15 00 00 00
0A 00 00 00
00 00 00 00
06 00 00 00
40 00 00 00
3B 00 00 00
37 00 00 00
32 00 00 00
2D 00 00 00
28 00 00 00

31 9F 00 00 00 00 00 00 
00 00 00 50 6A 82 0A 01
00 00 00 00 FF FF FF FF

00 00 00 00 00 00 00 00
00 00 00 00 00 00 00 00

# number of notes
0F 00 00 00

00 00 00 90 47 7F 3B 00
3C 00 00 90 44 40 3B 00
78 00 00 90 42 60 3B 00
B4 00 00 90 48 40 3B 00
F0 00 00 90 41 7F 3B 00
2C 01 00 90 40 40 3B 00
68 01 00 90 3D 60 3B 00
A4 01 00 90 40 40 3B 00
E0 01 00 90 4C 40 3B 00
1C 02 00 90 48 7F 3B 00
58 02 00 90 44 40 3B 00
94 02 00 90 47 40 3B 00
D0 02 00 90 42 60 3B 00
0C 03 00 90 48 40 3B 00
48 03 00 90 43 40 3B 00

31 0E 00 00 00 00 00 84 03 00 00 50 6A 82 0A 00 00 00 00
31 0E 00 00 00 00 00 08 07 00 00 50 6A 82 0A 00 00 00 00
31 0E 00 00 00 00 00 8C 0A 00 00 50 6A 82 0A 00 00 00 00
31 0E 00 00 00 00 00 10 0E 00 00 50 6A 82 0A 00 00 00 00
31 0E 00 00 00 00 00 94 11 00 00 50 6A 82 0A 00 00 00 00
31 0E 00 00 00 00 00 18 15 00 00 50 6A 82 0A 00 00 00 00
31 0E 00 00 00 00 00 9C 18 00 00 50 6A 82 0A 00 00 00 00

24 18 00 00 00 01 00 00 FF FF
00 00 64 00 40 00 00 00 00 00 00 00 00 81 00 00 01 00 00 36 08 00 00 00 01 00 00 00 00 00 00 00 46

40 00 00 00
01 00 00 00
00 00 00 00
00 00 00 00
02 00 00 00
04 00 00 00
00 00 00 00
15 00 00 00
0A 00 00 00
00 00 00 00
06 00 00 00
40 00 00 00
3B 00 00 00
37 00 00 00
32 00 00 00
2D 00 00 00
28 00 00 00

31 9F 00 00 00 01 00 00 00 00 00 20 6D 82 0A 01 00 00 00 00 FF FF FF FF

00 00 00 00 00 00 00 00 00 00 00 00 00 00 00 00

# number of notes
0F 00 00 00


00 00 00 90 30 7F 3B 00
3C 00 00 90 3C 7F 3B 00
78 00 00 90 38 60 3B 00
B4 00 00 90 2C 40 3B 00
F0 00 00 90 2F 7F 3B 00
2C 01 00 90 3B 7F 3B 00
68 01 00 90 2A 7F 3B 00
A4 01 00 90 36 40 3B 00
E0 01 00 90 42 60 3B 00
1C 02 00 90 3C 7F 3B 00
58 02 00 90 30 7F 3B 00
94 02 00 90 3C 7F 3B 00
D0 02 00 90 37 60 3B 00
0C 03 00 90 43 7F 3B 00
48 03 00 90 37 7F 3B 00

31 0E 00 00 00 01 00 84 03 00 00 20 6D 82 0A 00 00 00 00
31 0E 00 00 00 01 00 08 07 00 00 20 6D 82 0A 00 00 00 00
31 0E 00 00 00 01 00 8C 0A 00 00 20 6D 82 0A 00 00 00 00
31 0E 00 00 00 01 00 10 0E 00 00 20 6D 82 0A 00 00 00 00
31 0E 00 00 00 01 00 94 11 00 00 20 6D 82 0A 00 00 00 00
31 0E 00 00 00 01 00 18 15 00 00 20 6D 82 0A 00 00 00 00
31 0E 00 00 00 01 00 9C 18 00 00 20 6D 82 0A 00 00 00 00

24 18 00 00 00 02 00 00 FF FF
41 00 7F 00 40 00 00 32 00 00 00 00 00 81 00 00 02 00 00 36 08 00 00 00 02 00 00 00 00 00 00 00 46 40 00 00 00 02 00 00 00 00 00 00 00 00 00 00 00 02 00 00 00 04 00 00 00 00 00 00 00 15 00 00 00 0A 00 00 00 00 00 00 00 06 00 00 00 40 00 00 00 3B 00 00 00 37 00 00 00 32 00 00 00 2D 00 00 00 28 00 00 00 2D 47 01 00 00 02 00 00

# number of notes
28 00 00 00

B4 00 00 90 40 40 77 00
2C 01 00 90 42 40 3B 00
A4 01 00 90 43 40 77 00
58 02 00 90 48 40 67 01
FC 03 00 90 48 40 3B 00
38 04 00 90 49 40 3B 00
74 04 00 90 4B 40 3B 00
B0 04 00 90 4A 40 3B 00
28 05 00 90 49 40 3B 00
A0 05 00 90 4A 40 77 00
54 06 00 90 49 40 77 00
08 07 00 90 48 40 3B 00
44 07 00 90 46 40 3B 00
80 07 00 90 45 40 3B 00
BC 07 00 90 44 40 B3 00
70 08 00 90 43 40 B3 00
9C 09 00 90 40 40 3B 00
D8 09 00 90 42 40 3B 00
14 0A 00 90 43 40 77 00
8C 0A 00 90 40 40 3B 00
C8 0A 00 90 42 40 3B 00
04 0B 00 90 43 40 3B 00
7C 0B 00 90 48 40 3B 00
B8 0B 00 90 49 40 77 00
6C 0C 00 90 4A 40 3B 00
E4 0C 00 90 4B 40 3B 00
20 0D 00 90 49 40 3B 00
98 0D 00 90 48 40 3B 00
D4 0D 00 90 4A 40 3B 00
10 0E 00 90 4B 40 3B 00
4C 0E 00 90 49 40 3B 00
88 0E 00 90 4A 40 3B 00
C4 0E 00 90 48 40 3B 00
00 0F 00 90 46 40 3B 00
78 0F 00 90 45 40 3B 00
2C 10 00 90 44 40 3B 00
A4 10 00 90 43 40 3B 00
1C 11 00 90 42 40 3B 00
94 11 00 90 41 40 3B 00
D0 11 00 90 3F 40 3B 00

33 28 00 00 00 00 00 00 00 00 00 00 00 00 00 00 00 00 00 00 00 01 00 00 00 00 00 00 00 00 00 00 00 00 00 00 00 FF FF FF 7F FF FF FF 7F 34 04 00 00 00 01 00 00 00 38 04 00 00 00 FF FF FF 7F 39 0C 00 00 00 FF FF FF FF FF FF FF FF FF FF FF FF

3A 0C 00 00 00 00 00 00 00 00 00 00 00 00 00 00 00
3C 0C 00 00 00 00 00 00 00 00 00 00 00 00 00 00 00
3B 10 00 00 00 00 00 00 00 00 00 00 00 00 00 00 00 00 00 00 00
3E C0 00 00 00 00 00 00 00 00 00 00 00 00 00 00 00 00 00 00 00 00 00 00 00 00 00 00 00 00 00 00 00 00 00 00 00 00 00 00 00 00 00 00 00 00 00 00 00 00 00 00 00 00 00 00 00 00 00 00 00 00 00 00 00 00 00 00 00 00 00 00 00 00 00 00 00 00 00 00 00 00 00 00 00 00 00 00 00 00 00 00 00 00 00 00 00 00 00 00 00 00 00 00 00 00 00 00 00 00 00 00 00 00 00 00 00 00 00 00 00 00 00 00 00 00 00 00 00 00 00 00 00 00 00 00 00 00 00 00 00 00 00 00 00 00 00 00 00 00 00 00 00 00 00 00 00 00 00 00 00 00 00 00 00 00 00 00 00 00 00 00 00 00 00 00 00 00 00 00 00 00 00 00 00 00 00 00 00 00 00 00 00 00 00 00 00
40 04 00 00 00 01 00 00 00
41 00 00 00 00
42 04 00 00 00 00 00 00 00
43 00 00 00 00
4E 0C 00 00 00 00 00 00 00 00 00 00 00 00 00 00 00
48 04 00 00 00 00 00 00 00
50 0C 00 00 00 00 00 00 00 00 00 00 00 00 00 00 00 FF 
